001007
001010
001001
001004
001008
001011
001002
001005
001009
001012
001003
001006
002007
002010
002001
002004
002008
002011
002002
002005
002009
002012
002003
002006
003007
003010
003001
003004
003008
003011
003002
003005
003009
003012
003003
003006
004007
004010
004001
004004
004008
004011
004002
004005
004009
004012
004003
004006
005007
005010
005001
005004
005008
005011
005002
005005
005009
005012
005003
005006
006007
006010
006001
006004
006008
006011
006002
006005
006009
006012
006003
006006
007007
007010
007001
007004
007008
007011
007002
007005
007009
007012
007003
007006
008007
008010
008001
008004
008008
008011
008002
008005
008009
008012
008003
008006
009007
009010
009001
009004
009008
009011
009002
009005
009009
009012
009003
009006
010007
010010
010001
010004
010008
010011
010002
010005
010009
010012
010003
010006
011007
011010
011001
011004
011008
011011
011002
011005
011009
011012
011003
011006
012007
012010
012001
012004
012008
012011
012002
012005
012009
012012
012003
012006
alive: x = 4, y = 4
alive: x = 5, y = 4
alive: x = 6, y = 4
