001001
001002
001003
001004
001005
001006
001007
001008
001009
001010
001011
001012
002001
002002
002003
002004
002005
002006
002007
002008
002009
002010
002011
002012
003001
003002
003003
003004
003005
003006
003007
003008
003009
003010
003011
003012
004001
004002
004003
004004
004005
004006
004007
004008
004009
004010
004011
004012
005001
005002
005003
005004
005005
005006
005007
005008
005009
005010
005011
005012
006001
006002
006003
006004
006005
006006
006007
006008
006009
006010
006011
006012
007001
007002
007003
007004
007005
007006
007007
007008
007009
007010
007011
007012
008001
008002
008003
008004
008005
008006
008007
008008
008009
008010
008011
008012
009001
009002
009003
009004
009005
009006
009007
009008
009009
009010
009011
009012
010001
010002
010003
010004
010005
010006
010007
010008
010009
010010
010011
010012
011001
011002
011003
011004
011005
011006
011007
011008
011009
011010
011011
011012
012001
012002
012003
012004
012005
012006
012007
012008
012009
012010
012011
012012
alive: x = 4, y = 4
alive: x = 5, y = 4
alive: x = 6, y = 4
