007001
010001
001001
004001
007002
010002
001002
004002
007003
010003
001003
004003
007004
010004
001004
004004
007005
010005
001005
004005
007006
010006
001006
004006
007007
010007
001007
004007
007008
010008
001008
004008
007009
010009
001009
004009
007010
010010
001010
004010
007011
010011
001011
004011
007012
010012
001012
004012
008001
011001
002001
005001
008002
011002
002002
005002
008003
011003
002003
005003
008004
011004
002004
005004
008005
011005
002005
005005
008006
011006
002006
005006
008007
011007
002007
005007
008008
011008
002008
005008
008009
011009
002009
005009
008010
011010
002010
005010
008011
011011
002011
005011
008012
011012
002012
005012
009001
012001
003001
006001
009002
012002
003002
006002
009003
012003
003003
006003
009004
012004
003004
006004
009005
012005
003005
006005
009006
012006
003006
006006
009007
012007
003007
006007
009008
012008
003008
006008
009009
012009
003009
006009
009010
012010
003010
006010
009011
012011
003011
006011
009012
012012
003012
006012
alive: x = 4, y = 4
alive: x = 5, y = 4
alive: x = 6, y = 4
